803
2132
8063
1689
3452
9774
4201
9234
5179
8799
5561
7758
8531
8819
4102
3224
7730
5698
7502
4262
6582
220
2538
588
484
9573
8372
4479
154
3012
4486
6140
1731
7799
7189
5354
6587
4041
8974
9806
3620
8343
1888
5246
5848
9983
6250
8327
1311
2761
2662
226
1620
4074
5430
4469
4931
6055
78
7255
102
792
7714
1382
4145
5085
1073
364
5450
149
6690
8926
4909
2156
9726
7559
5070
2884
9119
7301
2864
8856
5287
3507
3254
6797
9588
9863
3816
5066
1763
780
6360
3962
9490
7266
6390
8223
7978
9045
5713
2041
8173
3388
8558
1591
9820
658
2670
6301
3500
3818
2331
5111
8490
1887
1411
2957
7805
7210
5705
2935
2635
3928
1576
4467
2798
3034
9
2468
8632
5710
2631
1069
9253
5582
1121
7951
9841
792
4704
9184
7338
1614
8393
909
2310
671
2213
6224
4488
5318
9599
9781
8831
3713
3518
7194
9471
5221
3588
5797
5156
3887
2118
1531
1844
734
7885
1869
1621
9584
651
2357
8047
2794
4002
1123
2019
1612
5826
7681
9053
1363
1538
1213
645
4673
5073
1672
812
5962
8909
8282
2133
785
6900
6824
8402
6899
4569
5001
3921
3409
9577
1286
4662
9524
2542
2720
8746
2908
3076
8582
6996
1514
762
9398
8072
7790
1483
7604
2509
4691
6493
2714
1076
5594
3130
4991
4693
7733
2238
4490
5196
629
5664
1608
1220
6805
9973
2621
6082
1977
2672
6520
4358
1377
3550
1993
5261
498
1410
1031
8027
4743
6668
1213
7655
6724
6544
4246
7031
4187
4084
1273
3598
515
985
838
5075
5238
7150
1537
4547
5449
145
7566
490
1089
9384
3214
8830
9444
2031
937
1373
6750
7426
3085
1704
6261
766
7445
7807
5583
1411
4541
8671
1555
4428
3893
2426
8253
7506
6741
4358
9174
1678
4128
5288
3619
9246
2764
6786
492
2250
945
9867
4176
1031
5263
1054
1047
9003
2085
7190
6840
7650
2815
9656
9757
8305
5872
7249
2116
4905
993
7122
2678
3038
6024
1961
301
5625
4140
9602
8722
7786
9319
4141
3317
6786
1870
2162
1601
2352
3070
1426
2942
8811
7335
2720
9273
4511
973
1297
5921
251
844
6911
7475
650
6012
4260
2537
2513
1861
1909
2894
3945
1733
5372
1605
8892
9119
5643
427
9798
2711
1774
8937
4100
364
3728
9007
64
804
2401
4366
7648
1102
1958
7060
523
420
2017
4557
7101
4240
2499
6520
2221
1264
8047
8232
4125
413
113
940
9906
5192
1103
1010
4230
726
9935
8775
2634
9918
4473
4977
8239
7600
190
5841
6550
6825
73
6195
854
2308
5396
6792
8159
5635
7199
6294
5229
6782
5581
9614
6367
2107
7295
2639
1416
2734
3829
8681
6710
6435
9201
5348
3601
9962
3695
2978
4982
3602
7651
114
1205
3658
6017
2886
7959
1668
3938
6184
8148
6442
6213
2760
756
5221
4309
5673
3844
1724
6522
4205
1900
6954
8818
1438
2350
6068
1489
4079
7185
4841
3447
1810
5392
9674
6705
427
2941
4667
7154
1124
8633
4171
8644
2514
7000
5409
6649
9257
1200
2359
1591
1116
8467
7180
1636
2039
9070
7588
7821
1200
2417
6499
2237
9611
5551
7227
9501
4253
4008
9041
9047
2707
5638
8534
895
9157
1380
3717
2132
901
4678
9256
2307
3324
9029
7456
3741
3239
2617
1685
26
5613
2284
1946
7646
7445
3628
4213
603
5653
5489
1070
7895
5358
2385
821
6224
2183
3600
5833
1885
950
1436
3591
566
9494
5784
1071
2839
2262
5046
4845
6209
7806
747
1958
5537
2072
302
5089
1445
7900
5761
9977
6988
795
2531
4416
9278
305
7412
4854
2044
2581
139
7562
729
7507
1589
7649
6105
6396
2687
6277
3097
252
9653
1951
623
3084
2220
9799
6547
712
3853
9627
5694
9108
2307
2655
1633
6987
9992
8516
362
1801
8186
1628
9619
8921
1652
9757
2331
5761
7834
8980
9882
6333
5972
9211
5391
2905
7535
9310
1195
259
3920
8523
9459
3216
8379
2665
1794
3838
2563
1962
5134
4681
7251
35
7148
7282
9068
4603
8086
3309
7056
2514
7148
4186
6254
1205
1177
9559
5903
8383
9303
4692
5233
9810
1509
8870
8913
902
3496
7216
5310
9441
9664
8431
4972
8056
6765
2581
3751
4036
481
360
5656
6393
7944
5628
7709
5571
1557
1134
2947
34
7246
8610
6647
4039
2844
7424
3582
3775
6331
2698
2466
3680
3337
322
4958
6450
5005
1258
9035
80
8245
8299
4908
9454
9477
4457
2662
3518
4492
8551
8565
3838
5561
3063
7675
9171
6078
293
3562
7020
5124
6773
3380
976
4384
7690
7857
5306
6404
7272
609
1094
9576
8572
354
8796
8651
3691
260
7501
7413
3864
5851
2091
4479
6618
181
5038
1605
7261
3229
9092
6090
6216
8063
3336
3277
6239
285
199
4123
2729
977
1151
4292
997
740
5305
6531
24
302
776
9368
3658
4942
3650
5624
3219
8381
4415
360
2640
3999
5008
7909
5946
6106
1873
9336
1737
4825
4962
6552
4484
1603
6194
9985
5452
4616
2589
6643
2138
475
5081
7182
5654
1942
5627
5853
4330
4379
6415
9360
1878
487
807
3422
2869
2220
5107
6890
2784
3871
5522
710
3073
7998
6808
7557
187
966
6353
1142
7928
5284
1254
990
2099
1691
8925
644
5095
5398
3093
627
3255
1582
786
2396
5872
1774
8965
1882
6348
245
4992
8842
1016
795
3753
8458
744
280
5021
7409
1738
9890
7543
4240
6376
533
2705
3480
5410
8247
3914
7803
5115
4908
264
4295
4755
6952
6784
8033
9461
8276
8580
7358
49
1283
9660
216
1037
84
808
4222
4360
1802
6837
925
1935
3547
7150
3694
6083
3158
4677
2304
4170
4057
1122
2744
6838
7826
6539
6837
1987
6564
4213
4057
2820
7564
1802
8133
7809
5572
9723
2820
1338
887
2199
5580
5055
7318
6237
5856
9906
4411
9663
3321
1661
9661
7960
8293
7585
9587
8079
1408
9390
