145
145
145
145
490
498
515
629
762
766
838
937
985
1031
1076
1089
1213
1220
1273
1286
1373
1377
1410
1411
1483
1514
1537
1555
1608
1704
1977
1993
2031
2238
2509
2542
2621
2672
2714
2720
2908
3076
3085
3130
3214
3409
3550
3598
3921
4084
4187
4246
4358
4490
4541
4547
4569
4662
4691
4693
4743
4991
5001
5075
5196
5238
5261
5449
5583
5594
5664
6082
6261
6493
6520
6544
6668
6724
6750
6805
6996
7031
7150
7426
7445
7566
7604
7655
7733
7790
7807
8027
8072
8582
8671
8746
8830
9384
9398
9444
9524
9577
9973
